0.0
0.696944444444
0.716388888889
0.741111111111
0.781111111111
0.7975
0.820555555556
0.844444444444
1.15944444444
1.24083333333
1.27388888889
1.29638888889
1.48416666667
6.19805555556
7.6575
20.5608333333
23.0538888889
23.2333333333
23.7597222222
23.8605555556
24.1166666667
24.1752777778
24.2238888889
24.3019444444
25.2047222222
25.2216666667
25.2575
29.2638888889
29.2877777778
29.3138888889
29.3238888889
29.3458333333
29.3911111111
36.7369444444
36.8041666667
36.8505555556
37.5636111111
37.6469444444
39.9286111111
44.6175
47.1025
47.1983333333
47.4036111111
47.7416666667
62.6394444444
68.3475
73.2666666667
73.3516666667
73.4555555556
73.8091666667
74.345
75.6055555556
86.9052777778
89.8997222222
91.6152777778
94.8841666667
95.9416666667
106.069444444
110.974166667
115.316111111
115.406388889
115.500833333
115.5475
115.651111111
115.785833333
115.875555556
115.974444444
116.010555556
116.090555556
116.097777778
116.205
116.205277778
116.291944444
116.297777778
116.351666667
116.471944444
116.542777778
116.639722222
116.821666667
119.8225
128.698888889
130.171666667
130.240555556
130.346944444
130.418055556
130.498611111
130.542777778
130.608888889
130.672222222
130.746666667
130.7775
130.810833333
130.863333333
130.905833333
130.935
131.057222222
131.077222222
131.091944444
131.138333333
131.181944444
131.221666667
131.248611111
131.2825
131.348333333
131.375555556
131.443888889
131.496944444
131.545833333
131.584444444
131.636388889
131.685277778
131.738611111
131.775555556
131.809166667
131.86
131.885833333
131.930555556
131.950277778
131.969444444
132.010833333
132.046111111
132.094444444
132.128611111
132.167777778
132.209166667
132.236666667
132.254166667
132.301944444
132.308333333
132.321111111
132.348611111
132.403055556
132.501388889
132.996666667
134.086944444
134.272777778
134.325
134.433611111
134.483888889
134.535555556
134.578888889
134.645
134.684444444
134.7725
134.801388889
134.875277778
134.916944444
137.179444444
137.403611111
137.447777778
137.659444444
137.727777778
137.768333333
137.862222222
137.985
138.055833333
138.187777778
138.349722222
138.428055556
138.494444444
138.543333333
138.6025
138.6675
138.768333333
141.202777778
141.740277778
141.849444444
142.840277778
142.999166667
143.143333333
145.526666667
145.924444444
146.108055556
146.131388889
160.563055556
160.656666667
160.771944444
161.756388889
162.346944444
162.410833333
162.539166667
162.563055556
162.611666667
162.643888889
162.745277778
162.848611111
162.966944444
162.993611111
163.038055556
163.091944444
163.095
163.15
163.163333333
163.236388889
163.429166667
163.530555556
163.724722222
163.745555556
163.752222222
163.775833333
163.921666667
163.975833333
164.043888889
164.158611111
164.223333333
164.225277778
164.229444444
164.240555556
164.261111111
164.279444444
164.279444444
164.313333333
164.319166667
164.363611111
164.366388889
164.386111111
164.393333333
164.414444444
164.422777778
164.453055556
164.456111111
164.498611111
164.533333333
164.544166667
164.571111111
164.579444444
164.589166667
164.623055556
164.629444444
164.642222222
164.658333333
164.662222222
164.685555556
164.709444444
164.720555556
164.731388889
164.748055556
164.763888889
164.767222222
164.795
164.803333333
164.816944444
164.859722222
164.885
164.905
164.911111111
164.940833333
164.946388889
164.953888889
165.0175
165.042777778
165.067222222
165.096388889
165.102222222
165.128888889
165.161111111
165.170833333
165.185555556
165.204722222
165.24
165.256666667
165.272222222
165.319722222
165.367777778
165.440833333
165.563333333
166.317222222
166.480555556
